Namespace(longestGene=True, minGene=300, start=['ATG'], stop=['TAG', 'TGA', 'TAA'])
test
+2     1..    4     4
+1     5..   10     5
+1     1..    9     9
+3     1..    9     9
-1     1..    9     9
-2     1..    9     9
-3     1..    9     9
test2
+2     5..   10     5
+3     1..    5     5
+2     2..   10     9
+1     1..   10    10
-1     1..   10    10
-2     1..   10    10
-3     1..   10    10
test3
+3     5..   10     5
+1     1..    6     6
+3     3..   11     9
+2     1..   11    11
-1     1..   11    11
-2     1..   11    11
-3     1..   11    11
test-1
-2     0..    3     3
-1     5..   10     5
-1     1..    6     6
-1     1..    9     8
+1     1..    9     9
+2     1..    9     9
+3     1..    9     9
-1     1..    9     9
-2     1..    9     9
-3     1..    9     9
test-2
-3     0..    3     3
-2     5..   10     5
-2     1..    7     7
-2     0..    9     9
+1     1..   10    10
+2     1..   10    10
+3     1..   10    10
-1     1..   10    10
-2     1..   10    10
-3     1..   10    10
test-3
-1     1..    6     5
-3     5..   10     5
-3     1..    8     8
-3    -1..    9    10
+1     1..   11    11
+2     1..   11    11
+3     1..   11    11
-1     1..   11    11
-2     1..   11    11
-3     1..   11    11
test1A
+2     1..    4     4
+1     5..   10     5
+1     1..    9     9
+3     1..   10    10
-1     1..   10    10
-2     1..   10    10
-3     1..   10    10
test2A
+2     5..   10     5
+3     1..    5     5
+2     2..   10     9
+1     1..   11    11
-1     1..   11    11
-2     1..   11    11
-3     1..   11    11
test3A
+3     5..   10     5
+1     1..    6     6
+3     3..   11     9
+2     1..   12    12
-1     1..   12    12
-2     1..   12    12
-3     1..   12    12
test-1A
-2     0..    3     3
-1     5..   10     5
-1     1..    7     7
-1     1..    9     8
+1     1..   10    10
+2     1..   10    10
+3     1..   10    10
-1     1..   10    10
-2     1..   10    10
-3     1..   10    10
test-2A
-3     0..    3     3
-2     5..   10     5
-2     1..    9     9
-2     0..    9     9
+1     1..   12    12
+2     1..   12    12
+3     1..   12    12
-1     1..   12    12
-2     1..   12    12
-3     1..   12    12
test-3A
-1     1..    6     5
-3     5..   10     5
-3     1..   10    10
-3    -1..    9    10
+1     1..   13    13
+2     1..   13    13
+3     1..   13    13
-1     1..   13    13
-2     1..   13    13
-3     1..   13    13
